Q-Table Values:
Format: [State] [Action] [Q-Value]
Date: 2025-04-20 12:33:20
[1,1] Up -8823.0000
[1,1] Down -8723.0000
[1,1] Left -8923.0000
[1,1] Right -9023.0000
[1,2] Up -5218.0000
[1,2] Down -10030.0000
[1,2] Left -2518.0000
[1,2] Right -9030.0000
[1,3] Up -10012.0000
[1,3] Down -9231.0000
[1,3] Left -4119.0000
[1,3] Right -9229.0000
[1,4] Up -12023.0000
[1,4] Down -12028.0000
[1,4] Left -9220.0000
[1,4] Right -12028.0000
[1,6] Up -16023.0000
[1,6] Down -15012.0000
[1,6] Left -15023.0000
[1,6] Right -10038.0000
[1,7] Up -17013.0000
[1,7] Down -12015.0000
[1,7] Left -13027.0000
[1,7] Right -11031.0000
[1,8] Up -17030.0000
[1,8] Down -14030.0000
[1,8] Left -10032.0000
[1,8] Right -16008.0000
[2,3] Up -9042.0000
[2,3] Down -10017.0000
[2,3] Left -11015.0000
[2,3] Right -14017.0000
[2,7] Up -15027.0000
[2,7] Down -9032.0000
[2,7] Left -14014.0000
[2,7] Right -14020.0000
[3,1] Up -14029.0000
[3,1] Down -11029.0000
[3,1] Left -14019.0000
[3,1] Right -8029.0000
[3,2] Up -9242.0000
[3,2] Down -12018.0000
[3,2] Left -8343.0000
[3,2] Right -9021.0000
[3,3] Up -10033.0000
[3,3] Down -9636.0000
[3,3] Left -10020.0000
[3,3] Right -9021.0000
[3,4] Up -10021.0000
[3,4] Down -9021.0000
[3,4] Left -11017.0000
[3,4] Right -12023.0000
[3,5] Up -8028.0000
[3,5] Down -9021.0000
[3,5] Left -8013.0000
[3,5] Right -9020.0000
[3,7] Up -11021.0000
[3,7] Down -17023.0000
[3,7] Left -12031.0000
[3,7] Right -10025.0000
[3,8] Up -15012.0000
[3,8] Down -12028.0000
[3,8] Left -11021.0000
[3,8] Right -14012.0000
[4,1] Up -9018.0000
[4,1] Down -10003.0000
[4,1] Left -10010.0000
[4,1] Right -11010.0000
[4,5] Up -10319.0000
[4,5] Down -9938.0000
[4,5] Left -11020.0000
[4,5] Right -13017.0000
[4,8] Up -11025.0000
[4,8] Down -12026.0000
[4,8] Left -13015.0000
[4,8] Right -12022.0000
[5,1] Up -12029.0000
[5,1] Down -9024.0000
[5,1] Left -7015.0000
[5,1] Right -9014.0000
[5,3] Up -15020.0000
[5,3] Down -14026.0000
[5,3] Left -12027.0000
[5,3] Right -12026.0000
[5,4] Up -14008.0000
[5,4] Down -13018.0000
[5,4] Left -11024.0000
[5,4] Right -13025.0000
[5,5] Up -10031.0000
[5,5] Down -12022.0000
[5,5] Left -9929.0000
[5,5] Right -9031.0000
[5,6] Up -12024.0000
[5,6] Down -13024.0000
[5,6] Left -15010.0000
[5,6] Right -9339.0000
[5,8] Up -16028.0000
[5,8] Down -14020.0000
[5,8] Left -15026.0000
[5,8] Right -14022.0000
[6,1] Up -6016.0000
[6,1] Down -11028.0000
[6,1] Left -10021.0000
[6,1] Right -11012.0000
[6,3] Up -11024.0000
[6,3] Down -11028.0000
[6,3] Left -11022.0000
[6,3] Right -12024.0000
[6,6] Up -9035.0000
[6,6] Down -11026.0000
[6,6] Left -12039.0000
[6,6] Right -12039.0000
[6,8] Up -11028.0000
[6,8] Down -9030.0000
[6,8] Left -16031.0000
[6,8] Right -14029.0000
[7,1] Up -10031.0000
[7,1] Down -10026.0000
[7,1] Left -13027.0000
[7,1] Right -11027.0000
[7,2] Up -12030.0000
[7,2] Down -12027.0000
[7,2] Left -11014.0000
[7,2] Right -11028.0000
[7,3] Up -11047.0000
[7,3] Down -15025.0000
[7,3] Left -12024.0000
[7,3] Right -11032.0000
[7,5] Up -16021.0000
[7,5] Down -16021.0000
[7,5] Left -17027.0000
[7,5] Right -11041.0000
[7,6] Up -8343.0000
[7,6] Down -12029.0000
[7,6] Left -16017.0000
[7,6] Right -12032.0000
[7,7] Up -13020.0000
[7,7] Down -14017.0000
[7,7] Left -14029.0000
[7,7] Right -17019.0000
[7,8] Up -12020.0000
[7,8] Down -14028.0000
[7,8] Left -11024.0000
[7,8] Right -16016.0000
